2.0470352661852638
2.007162080993301
2.000004371293438
14.30365928415028
12.442538744019124
10.750345387157214
4.349853199309688
58.91015017519903
27.258376963552845
3.8032222491505703
113.86228943214677
77.6582979639398
3.1899498440506835
174.35732632602353
2.2844946548844858
191.72004505949315
3.0865456984969524
43.684078885812184
8.409127278259414
12.206765460328066
130.1103537339664
2.4140337184089997
2.1615763798997256
96.52409404238533
119.1852958793807
329.46146188445374
26.61250871774408
744.1676204545438
68.9118829971578
28.74127345821749
600.6754944151339
845.252951349432
788.7385311055993
477.4307727020465
385.99119315048137
33.50443933506719
932.4198438598108
162.23383456251958
17.91164299701783
653.9096155368803
68.85692435377817
918.8856954370067
382.40045097286594
1457.2699093968004
674.0845710336781
568.7578307629454
1558.7505745630447
1220.6348942705242
1891.4518439277863
782.6526667238563
346.20543118735395
556.1520460062734
1091.8272311094358
2824.139874620005
11.6106960091738
1391.6471310963177
1019.5155655895153
2487.8098431726266
659.5963079566716
1993.1454974647127
492.26227381423587
2440.8784315675857
3285.304135540625
3423.353966761615
2624.9075617492913
3529.387711908863
126.76143557573415
2249.489444991653
3127.650637483147
2915.5647742251494
416.62775156661075
770.7767302703186
2222.41208021987
4986.216904638647
2333.919147753349
2296.8665663512916
1223.4607000186402
45.076098836107995
3567.6504019835584
1877.3559451210047
1509.450841537056
1023.6336847890722
1827.2389618397622
1444.169177801756
208.44060669341715
834.471099993511
1956.447657938783
6885.00732894027
442.4455020518771
7.7137837961023425
12.321660146692919
944.372585403168
7425.06928093913
3241.539371878368
687.3951956747852
6111.157124685628
3524.4753469883203
5313.421831051734
8356.508115106684
7925.739574735362
