2.484025650982393
2.0826926907402457
7.712673944241961
17.255844319693654
2.001320541054017
2.00392029398644
29.258325401474668
36.3212553878461
2.1204270347577037
16.28997945806757
44.36763879020797
18.3499572458763
9.233858696527456
98.73759232371835
76.42759390178824
213.4224255456222
245.6929849913074
251.85564224683012
154.26766214886456
139.11846994005455
4.556338495469548
249.54793844068732
293.0055289070747
232.72736445047516
149.85438930209415
159.3162411354583
13.030598640991965
344.12350780218816
86.04558463040922
356.2997365218813
4.033489812366082
952.1771163795817
461.41614301889734
430.4796298270527
283.0464722511547
13.557314324327361
127.85889795084006
5.622500388355936
121.53928663094896
1524.2584080000317
51.217210403968835
900.4951163340339
1203.5706971498798
918.5433725288111
75.00877685490289
424.2212746906507
14.932210914574956
396.1723979224343
175.6508560809394
1769.1799037530186
2031.7024838192908
857.7693524226187
685.016638592579
2269.6882188330787
3.298857929338089
34.39950347641593
12.12718456604269
745.738621515751
2.886690167529668
2378.1130244012293
1979.6772292226783
1068.710305108501
440.6338701131994
1833.1410689213355
1451.0300146990267
153.36830279718674
2233.8191702279764
1923.7743065886477
4726.975260730954
879.3144069312613
1372.3942193739795
1784.417438707382
3047.222326217163
5250.129003470843
2214.069196644346
52.61251699547955
989.7026777820033
5806.09931733035
1133.6902952264902
4788.867118804816
354.3606575285054
4481.466118807367
3208.953862888681
1132.6265609511001
548.7261814266728
6.095440871963827
185.0814575915838
6699.326561457869
857.2474004573755
1833.4661282642153
227.53767770067776
260.04721618489395
7995.278461724088
403.7417157822281
2285.4192770468835
8929.524886242561
524.1474537672083
7202.414820870998
2664.9152063443653
3707.5150185626494
